50
1 499 440  
2 974 1239 
3 153 535  
4 763 114  
5 190 315  
6 1380 1300
7 1353 1107
8 1576 1866
9 1199 1610
10 317 203
11 32 1254
12 208 551
13 348 596
14 254 953
15 1124 738
16 316 1063
17 1528 1214
18 1363 297
19 1288 387
20 250 786
21 526 1740
22 769 1820
23 211 296
24 25 1218
25 122 928
26 325 241
27 429 33
28 1825 1581
29 859 1250
30 288 566
31 391 485
32 644 1763
33 1461 1088
34 558 970
35 862 1963
36 895 1658
37 1806 540
38 235 1097
39 1179 1390
40 1882 1064
41 1469 171
42 1559 740
43 1496 1726
44 1599 1162
45 945 474
46 1438 1833
47 1503 95
48 737 1046
49 391 1979
50 240 1761