50
1 278 745
2 52 1844
3 1131 790
4 1354 988
5 768 1643
6 186 1788
7 1102 1273
8 294 1236
9 1465 943
10 1628 690
11 1608 1951
12 1913 444
13 1136 1431
14 908 894
15 968 1485
16 875 414
17 1470 1680
18 364 894
19 599 1290
20 223 1150
21 546 1058
22 36 1111
23 754 644
24 693 1974
25 448 428
26 1250 864
27 406 1156
28 615 1723
29 557 1714
30 563 1857
31 51 614
32 1534 1392
33 392 433
34 1509 1646
35 1996 990
36 455 213
37 1859 32
38 1730 950
39 409 275
40 603 1741
41 955 727
42 609 1900
43 177 1356
44 830 1393
45 1684 1362
46 1187 1205
47 1181 976
48 1599 502
49 767 1172
50 1810 683